0 1 0
2 3 1
4 5 2
6 7 3
8 9 4
10 11 5
12 13 6
14 15 7
16 17 8
18 19 9
20 21 10
22 23 11
24 25 12
26 27 13
28 29 14
30 31 8
32 33 15
34 35 6
36 32 16
37 38 8
39 40 7
41 42 17
43 44 18
45 46 19
47 48 20
49 50 21
51 52 20
53 54 22
55 27 13
56 57 23
58 32 24
59 60 17
61 62 25
63 64 26
65 66 27
67 68 13
69 70 7
71 32 28
72 73 6
74 75 29
76 77 30
78 32 28
79 80 8
81 82 19
83 84 31
85 86 3
87 88 32
89 90 33
91 92 29
93 90 34
94 95 35
96 97 36
98 99 37
100 101 38
102 103 6
104 105 39
106 107 3
108 109 6
110 62 25
111 112 30
113 114 8
53 115 22
116 117 4
118 119 28
120 62 25
121 122 40
123 124 41
125 126 42
127 128 22
129 23 11
130 131 17
132 133 3
134 62 25
135 136 31
137 62 25
138 139 9
140 141 43
142 143 44
144 145 45
146 147 31
148 23 11
149 150 24
151 152 46
153 154 47
155 32 13
156 62 25
157 158 13
159 160 14
161 158 48
162 163 31
164 165 49
166 159 6
167 168 22
169 170 44
171 172 50
173 174 31
175 160 51
176 177 8
178 179 19
180 181 28
182 183 26
184 185 52
186 187 53
188 189 30
190 191 54
192 193 1
194 195 55
196 197 7
198 138 41
199 200 52
201 202 13
203 204 6
205 206 2
207 207 56
208 209 23
210 211 57
212 213 42
214 215 17
216 217 58
218 219 38
220 221 59
222 90 60
223 224 61
225 226 62
227 228 38
229 230 38
231 215 17
232 233 10
234 235 13
236 237 63
238 11 5
186 239 38
240 241 7
242 243 17
244 245 64
246 247 65
248 249 66
250 23 11
251 252 38
253 254 8
255 256 8
257 4 31
258 259 67
260 261 19
262 263 6
264 265 20
266 267 8
268 269 32
270 271 7
272 273 68
274 275 69
276 277 14
278 279 12
280 281 8
282 283 45
284 285 19
286 287 70
288 62 25
289 290 6
291 163 31
292 293 13
294 295 71
296 32 28
297 298 38
92 299 72
300 29 51
301 302 73
303 304 74
305 306 8
307 308 13
309 68 13
310 311 75
312 313 19
314 315 6
316 317 8
318 319 76
320 321 77
322 323 3
324 325 15
326 327 19
328 329 65
330 331 78
332 333 19
334 112 19
335 336 66
337 338 7
339 340 79
341 342 26
343 344 80
345 346 27
347 348 20
349 350 21
351 352 24
353 353 81
354 355 20
356 357 7
358 359 27
360 361 8
362 363 82
364 365 1